error(train): 0.087248322147651
error(test): 0.1686746987951807